Node Res_num Chain_ID	Betweenness	Closeness	Degree
Node (1, )	0.0031	0.1562	7
Node (2, )	0.0096	0.1579	9
Node (3, )	0.0222	0.1583	7
Node (4, )	0.0009	0.1711	7
Node (5, )	0.0008	0.1715	8
Node (6, )	0.0123	0.1775	8
Node (7, )	0.0156	0.1780	7
Node (8, )	0.0088	0.1710	7
Node (9, )	0.0033	0.1472	5
Node (10, )	0.0029	0.1417	5
Node (11, )	0.0016	0.1290	5
Node (12, )	0.0013	0.1299	5
Node (13, )	0.0014	0.1281	5
Node (14, )	0.0019	0.1350	5
Node (15, )	0.0000	0.1342	5
Node (16, )	0.0000	0.1348	5
Node (17, )	0.0000	0.1386	5
Node (18, )	0.0035	0.1579	7
Node (19, )	0.0117	0.1680	10
Node (20, )	0.0189	0.1640	9
Node (21, )	0.0027	0.1609	6
Node (22, )	0.0042	0.1588	5
Node (23, )	0.0019	0.1651	5
Node (24, )	0.0002	0.1656	5
Node (25, )	0.0009	0.1664	6
Node (26, )	0.0007	0.1693	8
Node (27, )	0.0096	0.1730	9
Node (28, )	0.0068	0.1762	8
Node (29, )	0.0157	0.1813	8
Node (30, )	0.0152	0.1745	9
Node (31, )	0.0211	0.1647	13
Node (32, )	0.0140	0.1574	12
Node (33, )	0.0018	0.1545	7
Node (34, )	0.0024	0.1605	5
Node (35, )	0.0010	0.1658	5
Node (36, )	0.0001	0.1653	5
Node (37, )	0.0002	0.1617	5
Node (38, )	0.0000	0.1668	6
Node (39, )	0.0047	0.1798	8
Node (40, )	0.0275	0.1891	10
Node (41, )	0.0224	0.1839	8
Node (42, )	0.0011	0.1785	6
Node (43, )	0.0000	0.1757	5
Node (44, )	0.0000	0.1744	5
Node (45, )	0.0081	0.1888	6
Node (46, )	0.0063	0.1886	7
Node (47, )	0.0132	0.1807	9
Node (48, )	0.0161	0.1799	7
Node (49, )	0.0000	0.1644	5
Node (50, )	0.0150	0.1790	11
Node (51, )	0.0069	0.1724	9
Node (52, )	0.0001	0.1476	5
Node (53, )	0.0011	0.1387	5
Node (54, )	0.0007	0.1399	5
Node (55, )	0.0011	0.1443	5
Node (56, )	0.0001	0.1462	5
Node (57, )	0.0004	0.1472	5
Node (58, )	0.0002	0.1473	5
Node (59, )	0.0074	0.1496	7
Node (60, )	0.0138	0.1712	7
Node (61, )	0.0184	0.1726	10
Node (62, )	0.0113	0.1622	9
Node (63, )	0.0014	0.1510	8
Node (64, )	0.0154	0.1611	9
Node (65, )	0.0068	0.1689	9
Node (66, )	0.0004	0.1690	6
Node (67, )	0.0009	0.1690	6
Node (68, )	0.0262	0.1777	9
Node (69, )	0.0002	0.1769	8
Node (70, )	0.0013	0.1914	8
Node (71, )	0.0400	0.1978	11
Node (72, )	0.0525	0.1937	9
Node (73, )	0.0024	0.1854	6
Node (74, )	0.0000	0.1606	5
Node (75, )	0.0000	0.1623	5
Node (76, )	0.0006	0.1727	5
Node (77, )	0.0000	0.1728	5
Node (78, )	0.0000	0.1708	5
Node (79, )	0.0000	0.1625	5
Node (80, )	0.0006	0.1908	6
Node (81, )	0.0061	0.1907	10
Node (82, )	0.1304	0.1986	17
Node (83, )	0.0717	0.1919	14
Node (84, )	0.0058	0.1823	9
Node (85, )	0.0004	0.1664	5
Node (86, )	0.0000	0.1663	5
Node (87, )	0.0000	0.1656	5
Node (88, )	0.0000	0.1650	5
Node (89, )	0.0000	0.1639	5
Node (90, )	0.0000	0.1604	5
Node (91, )	0.0570	0.1908	10
Node (92, )	0.0124	0.1870	10
Node (93, )	0.0045	0.1801	6
Node (94, )	0.0001	0.1603	5
Node (95, )	0.0001	0.1578	5
Node (96, )	0.0000	0.1701	5
Node (97, )	0.0001	0.1785	5
Node (98, )	0.0001	0.1860	7
Node (99, )	0.0090	0.1953	13
Node (100, )	0.0111	0.1953	14
Node (101, )	0.0265	0.2063	13
Node (102, )	0.1186	0.2136	10
Node (103, )	0.0330	0.2063	8
Node (104, )	0.0030	0.1842	9
Node (105, )	0.0145	0.1842	12
Node (106, )	0.0114	0.1844	13
Node (107, )	0.0042	0.1904	7
Node (108, )	0.0000	0.1867	5
Node (109, )	0.0000	0.1790	5
Node (110, )	0.0000	0.1722	5
Node (111, )	0.0006	0.2062	6
Node (112, )	0.0151	0.2082	10
Node (113, )	0.0988	0.2135	10
Node (114, )	0.0155	0.2039	6
Node (115, )	0.0000	0.1788	5
Node (116, )	0.0000	0.1839	6
Node (117, )	0.0000	0.1844	6
Node (118, )	0.0043	0.1850	8
Node (119, )	0.0004	0.1804	7
Node (120, )	0.0000	0.1900	6
Node (121, )	0.0002	0.1898	7
Node (122, )	0.0518	0.2064	9
Node (123, )	0.0637	0.2083	13
Node (124, )	0.0043	0.2011	8
Node (125, )	0.0011	0.1776	6
Node (126, )	0.0120	0.1785	6
Node (127, )	0.0116	0.1741	5
Node (128, )	0.0000	0.1705	5
Node (129, )	0.0000	0.1690	5
Node (130, )	0.0000	0.1640	5
Node (131, )	0.0000	0.1634	5
Node (132, )	0.0014	0.1923	7
Node (133, )	0.0187	0.1925	9
Node (134, )	0.0086	0.1863	6
Node (135, )	0.0000	0.1586	5
Node (136, )	0.0028	0.1407	5
Node (137, )	0.0009	0.1342	5
Node (138, )	0.0010	0.1374	5
Node (139, )	0.0000	0.1400	5
Node (140, )	0.0000	0.1398	5
Node (141, )	0.0000	0.1403	5
Node (142, )	0.0000	0.1517	7
Node (143, )	0.0054	0.1579	9
Node (144, )	0.0072	0.1616	10
Node (145, )	0.0115	0.1631	11
Node (146, )	0.0049	0.1505	11
Node (147, )	0.0055	0.1447	7
Node (148, )	0.0000	0.1309	4
Node (149, )	0.0007	0.1411	6
Node (150, )	0.0001	0.1416	7
Node (151, )	0.0015	0.1423	10
Node (152, )	0.0039	0.1437	9
Node (153, )	0.0009	0.1440	7
Node (154, )	0.0002	0.1601	7
Node (155, )	0.0131	0.1603	8
Node (156, )	0.0057	0.1519	7
Node (157, )	0.0012	0.1372	5
Node (158, )	0.0007	0.1344	5
Node (159, )	0.0001	0.1399	5
Node (160, )	0.0056	0.1596	5
Node (161, )	0.0000	0.1635	5
Node (162, )	0.0000	0.1630	5
Node (163, )	0.0000	0.1633	5
Node (164, )	0.0000	0.1641	5
Node (165, )	0.0018	0.1916	7
Node (166, )	0.0083	0.1925	9
Node (167, )	0.0610	0.1980	9
Node (168, )	0.0001	0.1727	5
Node (169, )	0.0000	0.1645	5
Node (170, )	0.0000	0.1728	5
Node (171, )	0.0000	0.1774	5
Node (172, )	0.0000	0.1791	6
Node (173, )	0.0018	0.1891	7
Node (174, )	0.0060	0.1995	7
Node (175, )	0.0000	0.1976	6
Node (176, )	0.0023	0.2028	8
Node (177, )	0.0317	0.2017	12
Node (178, )	0.0145	0.1940	13
Node (179, )	0.0121	0.1889	13
Node (180, )	0.0144	0.1892	8
Node (181, )	0.0000	0.1800	5
Node (182, )	0.0000	0.1792	5
Node (183, )	0.0000	0.1794	5
Node (184, )	0.0000	0.1754	5
Node (185, )	0.0055	0.2032	8
Node (186, )	0.0038	0.2035	9
Node (187, )	0.0900	0.2120	10
Node (188, )	0.0874	0.2076	7
Node (189, )	0.0000	0.1772	5
Node (190, )	0.0000	0.1652	5
Node (191, )	0.0000	0.1792	5
Node (192, )	0.0038	0.1887	10
Node (193, )	0.0055	0.1879	11
Node (194, )	0.0027	0.1883	9
Node (195, )	0.0082	0.1890	10
Node (196, )	0.0000	0.1788	6
Node (197, )	0.0699	0.2075	11
Node (198, )	0.0086	0.1971	9
Node (199, )	0.0013	0.1660	7
Node (200, )	0.0027	0.1622	6
Node (201, )	0.0027	0.1613	5
Node (202, )	0.0000	0.1636	5
Node (203, )	0.0000	0.1673	5
Node (204, )	0.0000	0.1669	5
Node (205, )	0.0000	0.1646	5
Node (206, )	0.0000	0.1597	5
Node (207, )	0.0056	0.1898	7
Node (208, )	0.0562	0.1902	10
Node (209, )	0.0037	0.1791	8
Node (210, )	0.0006	0.1674	5
Node (211, )	0.0000	0.1655	5
Node (212, )	0.0000	0.1704	5
Node (213, )	0.0000	0.1769	6
Node (214, )	0.0000	0.1705	5
Node (215, )	0.0020	0.1862	10
Node (216, )	0.0048	0.1863	10
Node (217, )	0.0000	0.1859	8
Node (218, )	0.1143	0.1968	11
Node (219, )	0.0035	0.1851	9
Node (220, )	0.0020	0.1724	6
Node (221, )	0.0001	0.1631	5
Node (222, )	0.0001	0.1706	5
Node (223, )	0.0017	0.1850	5
Node (224, )	0.0008	0.1847	5
Node (225, )	0.0000	0.1746	5
Node (226, )	0.0000	0.1696	5
Node (227, )	0.0000	0.1675	6
Node (228, )	0.0013	0.1708	11
Node (229, )	0.0174	0.1900	16
Node (230, )	0.0227	0.1783	15
Node (231, )	0.0032	0.1613	8
Node (232, )	0.0078	0.1523	7
Node (233, )	0.0119	0.1558	8
Node (234, )	0.0022	0.1553	8
Node (235, )	0.0031	0.1537	7
Node (236, )	0.0053	0.1530	6
Node (237, )	0.0042	0.1446	8
Node (238, )	0.0045	0.1603	11
Node (239, )	0.0056	0.1603	10
Node (240, )	0.0026	0.1523	6
Node (241, )	0.0008	0.1395	5
Node (242, )	0.0001	0.1365	5
Node (243, )	0.0028	0.1518	5
Node (244, )	0.0003	0.1567	5
Node (245, )	0.0000	0.1602	5
Node (246, )	0.0042	0.1698	5
Node (247, )	0.0000	0.1662	6
Node (248, )	0.0061	0.1783	9
Node (249, )	0.0209	0.1864	9
Node (250, )	0.0058	0.1857	7
Node (251, )	0.0359	0.1975	9
Node (252, )	0.0038	0.1902	8
Node (253, )	0.0123	0.1848	6
Node (254, )	0.0002	0.1737	5
Node (255, )	0.0000	0.1727	5
Node (256, )	0.0006	0.1685	5
Node (257, )	0.0000	0.1609	5
Node (258, )	0.0000	0.1596	6
Node (259, )	0.0165	0.1812	12
Node (260, )	0.0071	0.1785	10
Node (261, )	0.0005	0.1568	5
Node (262, )	0.0001	0.1515	5
Node (263, )	0.0000	0.1482	5
Node (264, )	0.0000	0.1567	5
Node (265, )	0.0026	0.1631	5
Node (266, )	0.0011	0.1648	6
Node (267, )	0.0011	0.1655	9
Node (268, )	0.0051	0.1619	7
Node (269, )	0.0020	0.1684	9
Node (270, )	0.0053	0.1707	12
Node (271, )	0.0041	0.1818	9
Node (272, )	0.0059	0.1684	7
Node (273, )	0.0020	0.1591	5
Node (274, )	0.0040	0.1562	5
Node (275, )	0.0000	0.1540	5
Node (276, )	0.0000	0.1521	5
Node (277, )	0.0008	0.1499	5
Node (278, )	0.0002	0.1424	5
Node (279, )	0.0005	0.1478	7
Node (280, )	0.0087	0.1479	9
Node (281, )	0.0028	0.1375	6
Node (282, )	0.0014	0.1309	5
Node (283, )	0.0011	0.1265	5
Node (284, )	0.0018	0.1332	5
Node (285, )	0.0026	0.1364	5
Node (286, )	0.0049	0.1541	5
Node (287, )	0.0043	0.1606	5
Node (288, )	0.0000	0.1602	5
Node (289, )	0.0000	0.1596	5
Node (290, )	0.0000	0.1588	5
Node (291, )	0.0007	0.1750	10
Node (292, )	0.0332	0.1762	12
Node (293, )	0.0196	0.1741	10
Node (294, )	0.0000	0.1494	8
Node (295, )	0.0000	0.1150	2
Node (296, )	0.0000	0.1295	4
Node (297, )	0.0016	0.1296	5
Node (298, )	0.0002	0.1343	6
Node (299, )	0.0000	0.1272	5
Node (300, )	0.0004	0.1327	8
Node (301, )	0.0000	0.1271	4
Node (302, )	0.0049	0.1450	10
Node (303, )	0.0001	0.1288	5
Node (304, )	0.0002	0.1293	6
Node (305, )	0.0009	0.1306	7
Node (306, )	0.0002	0.1211	6
Node (307, )	0.0001	0.1241	7
Node (308, )	0.0001	0.1221	7
Node (309, )	0.0000	0.1214	5
Node (310, )	0.0000	0.1210	4
Node (311, )	0.0045	0.1366	7
Node (312, )	0.0000	0.1209	5
Node (313, )	0.0006	0.1362	6
Node (314, )	0.0001	0.1229	6
Node (315, )	0.0000	0.1218	5
Node (316, )	0.0019	0.1361	5
Node (317, )	0.0021	0.1366	5
Node (318, )	0.0001	0.1230	4
Node (319, )	0.0004	0.1250	5
Node (320, )	0.0055	0.1381	9
Node (321, )	0.0071	0.1369	10
Node (322, )	0.0009	0.1239	8
Node (323, )	0.0013	0.1211	5
Node (324, )	0.0000	0.1123	4
Node (325, )	0.0004	0.1141	4
Node (326, )	0.0001	0.1141	5
Node (327, )	0.0019	0.1236	4
Node (328, )	0.0007	0.1236	4
Node (329, )	0.0045	0.1402	5
Node (330, )	0.0011	0.1402	4
Node (331, )	0.0230	0.1626	8
Node (332, )	0.0003	0.1451	5
Node (333, )	0.0046	0.1506	9
Node (334, )	0.0039	0.1605	9
Node (335, )	0.0025	0.1607	12
Node (336, )	0.0016	0.1684	12
Node (337, )	0.0008	0.1680	8
Node (338, )	0.0000	0.1826	9
Node (339, )	0.0190	0.1822	12
Node (340, )	0.0026	0.1812	11
Node (341, )	0.0000	0.1834	11
Node (342, )	0.0998	0.2135	13
Node (343, )	0.0135	0.1800	10
Node (344, )	0.0001	0.1894	10
Node (345, )	0.0094	0.2063	16
Node (346, )	0.0071	0.1891	9
Node (347, )	0.0000	0.1833	8
Node (348, )	0.0012	0.1869	11
Node (349, )	0.1360	0.2187	17
Node (350, )	0.0086	0.2113	9
Node (351, )	0.0007	0.2108	9
Node (352, )	0.0825	0.2202	9
Node (353, )	0.0000	0.1857	6
Node (354, )	0.0126	0.1987	10
Node (355, )	0.0004	0.1835	11
Node (356, )	0.0066	0.1829	13
Node (357, )	0.0230	0.1786	13
Node (358, )	0.0099	0.1758	11
Node (359, )	0.0001	0.1627	8
Node (360, )	0.0001	0.1673	12
Node (361, )	0.0148	0.1845	16
Node (362, )	0.0002	0.1658	9
Node (363, )	0.0085	0.1651	11
Node (364, )	0.0048	0.1795	13
Node (365, )	0.0013	0.1820	13
Node (366, )	0.0129	0.1735	13
Node (367, )	0.0022	0.1669	9
Node (368, )	0.0040	0.1787	12
Node (369, )	0.0025	0.1762	12
Node (370, )	0.0004	0.1701	10
Node (371, )	0.0000	0.1632	6
Node (372, )	0.0030	0.1808	10
Node (373, )	0.0008	0.1720	9
Node (374, )	0.0002	0.1640	5
Node (375, )	0.0010	0.1708	7
Node (376, )	0.0040	0.1762	13
Node (377, )	0.0031	0.1754	12
Node (378, )	0.0080	0.1837	15
Node (379, )	0.0010	0.1777	11
Node (380, )	0.0014	0.1782	7
Node (381, )	0.0003	0.1914	8
Node (382, )	0.0002	0.1835	12
Node (383, )	0.0012	0.1784	12
Node (384, )	0.0023	0.1977	10
Node (385, )	0.0023	0.2032	13
Node (386, )	0.0157	0.2005	16
Node (387, )	0.0167	0.1949	15
Node (388, )	0.0972	0.2272	15
Node (389, )	0.0296	0.2223	12
Node (390, )	0.0008	0.1989	12
Node (391, )	0.0010	0.1995	14
Node (392, )	0.0062	0.2202	10
Node (393, )	0.0093	0.2103	14
Node (394, )	0.0024	0.2023	13
Node (395, )	0.0044	0.2079	12
Node (396, )	0.0014	0.2026	9
Node (397, )	0.0015	0.1979	13
Node (398, )	0.0090	0.1970	17
Node (399, )	0.0001	0.1930	9
Node (400, )	0.0071	0.2017	12
Node (401, )	0.0002	0.1888	13
Node (402, )	0.0039	0.2062	16
Node (403, )	0.0264	0.2055	11
Node (404, )	0.0021	0.1943	15
Node (405, )	0.0002	0.1876	14
Node (406, )	0.0835	0.2096	11
Node (407, )	0.0536	0.2002	14
Node (408, )	0.0013	0.1852	8
Node (409, )	0.0055	0.1884	9
Node (410, )	0.0015	0.1948	14
Node (411, )	0.0115	0.2043	11
Node (412, )	0.0001	0.1820	12
Node (413, )	0.0010	0.1848	15
Node (414, )	0.0174	0.1949	12
Node (415, )	0.0001	0.1752	10
Node (416, )	0.0004	0.1843	9
Node (417, )	0.0002	0.1775	14
Node (418, )	0.0071	0.1925	16
Node (419, )	0.0000	0.1841	9
Node (420, )	0.0054	0.1933	15
Node (421, )	0.0003	0.1875	13
Node (422, )	0.0216	0.2039	15
Node (423, )	0.0152	0.1989	11
Node (424, )	0.0042	0.1987	12
Node (425, )	0.0032	0.1975	12
Node (426, )	0.0000	0.1940	6
Node (427, )	0.0192	0.2116	8
Node (428, )	0.0160	0.1950	7
Node (429, )	0.0012	0.1882	3
Node (430, )	0.0000	0.1557	3
Node (431, )	0.0007	0.1552	5
Node (432, )	0.0015	0.1573	8
Node (433, )	0.0006	0.1578	8
Node (434, )	0.0000	0.1367	5
Node (435, )	0.0000	0.1386	7
Node (436, )	0.0001	0.1327	5
Node (437, )	0.0035	0.1512	9
Node (438, )	0.0030	0.1508	10
Node (439, )	0.0003	0.1460	8
Node (440, )	0.0000	0.1330	5
Node (441, )	0.0023	0.1398	9
Node (442, )	0.0008	0.1330	5
Node (443, )	0.0001	0.1253	4
Node (444, )	0.0002	0.1228	4
Node (445, )	0.0012	0.1310	6
Node (446, )	0.0000	0.1237	4
Node (447, )	0.0000	0.1250	5
Node (448, )	0.0040	0.1401	7
Node (449, )	0.0003	0.1332	5
Node (450, )	0.0003	0.1333	5
Node (451, )	0.0000	0.1375	4
Node (452, )	0.0071	0.1521	8
Node (453, )	0.0010	0.1522	6
Node (454, )	0.0023	0.1641	10
Node (455, )	0.0027	0.1743	8
Node (456, )	0.0030	0.1647	9
Node (457, )	0.0000	0.1553	7
Node (458, )	0.0067	0.1786	14
Node (459, )	0.0040	0.1707	10
Node (460, )	0.0045	0.1675	9
Node (461, )	0.0021	0.1684	8
Node (462, )	0.0010	0.1743	12
Node (463, )	0.0033	0.1820	14
Node (464, )	0.0006	0.1783	12
Node (465, )	0.0145	0.1798	13
Node (466, )	0.0051	0.1901	14
Node (467, )	0.0001	0.1837	11
Node (468, )	0.0466	0.1991	18
Node (469, )	0.0101	0.2024	16
Node (470, )	0.0002	0.1971	11
Node (471, )	0.0034	0.2092	11
Node (472, )	0.0000	0.1904	11
Node (473, )	0.0071	0.2011	14
Node (474, )	0.0463	0.1896	15
Node (475, )	0.0013	0.1802	14
Node (476, )	0.0030	0.1737	11
Node (477, )	0.0000	0.1639	6
Node (478, )	0.0013	0.1677	8
Node (479, )	0.0075	0.1869	15
Node (480, )	0.0096	0.1810	13
Node (481, )	0.0001	0.1760	8
Node (482, )	0.0086	0.1852	12
Node (483, )	0.0059	0.1944	13
Node (484, )	0.0046	0.1837	15
Node (485, )	0.0001	0.1745	8
Node (486, )	0.0043	0.1998	13
Node (487, )	0.0033	0.1924	15
Node (488, )	0.0051	0.1899	11
Node (489, )	0.0055	0.1925	9
Node (490, )	0.0053	0.2048	14
Node (491, )	0.0183	0.1929	15
Node (492, )	0.0037	0.1896	11
Node (493, )	0.0010	0.1911	9
Node (494, )	0.0004	0.1906	13
Node (495, )	0.0035	0.1883	15
Node (496, )	0.0208	0.1911	13
Node (497, )	0.0010	0.1917	13
Node (498, )	0.0001	0.1849	12
Node (499, )	0.0030	0.1833	14
Node (500, )	0.0015	0.1849	12
Node (501, )	0.0180	0.1993	18
Node (502, )	0.0032	0.1833	16
Node (503, )	0.0030	0.1821	10
Node (504, )	0.0026	0.1835	12
Node (505, )	0.0000	0.1764	7
Node (506, )	0.0114	0.1805	9
Node (507, )	0.0113	0.1888	12
Node (508, )	0.0022	0.1762	10
Node (509, )	0.0148	0.1842	12
Node (510, )	0.0016	0.1814	15
Node (511, )	0.0002	0.1808	10
Node (512, )	0.0027	0.1907	11
Node (513, )	0.0006	0.1930	9
Node (514, )	0.0032	0.1889	13
Node (515, )	0.0027	0.1981	15
Node (516, )	0.0012	0.1992	11
Node (517, )	0.0006	0.1982	10
Node (518, )	0.0004	0.1962	12
Node (519, )	0.0074	0.2097	15
Node (520, )	0.0318	0.2214	13
Node (521, )	0.0126	0.2063	13
Node (522, )	0.0015	0.2037	9
Node (523, )	0.0000	0.2028	6
Node (524, )	0.0280	0.2251	10
Node (525, )	0.0027	0.2187	10
Node (526, )	0.0026	0.2163	13
Node (527, )	0.1295	0.2307	14
Node (528, )	0.0062	0.2147	9
Node (529, )	0.0076	0.2156	15
Node (530, )	0.0001	0.1955	6
Node (531, )	0.0145	0.2037	6
Node (532, )	0.0031	0.1369	3
Node (533, )	0.0000	0.1207	3
Node (534, )	0.0000	0.1205	4
Node (535, )	0.0000	0.1200	4
Node (536, )	0.0000	0.1198	4
Node (537, )	0.0031	0.1360	5
Node (538, )	0.0000	0.1359	5
Node (539, )	0.0000	0.1355	5
Node (540, )	0.0000	0.1373	6
Node (541, )	0.0000	0.1494	7
Node (542, )	0.0003	0.1499	8
Node (543, )	0.0000	0.1373	6
Node (544, )	0.0100	0.1563	13
Node (545, )	0.0000	0.1584	9
Node (546, )	0.0093	0.1585	12
Node (547, )	0.0091	0.1661	10
Node (548, )	0.0082	0.1621	13
Node (549, )	0.0110	0.1624	12
Node (550, )	0.0000	0.1495	8
Node (551, )	0.0046	0.1579	13
Node (552, )	0.0000	0.1504	11
Node (553, )	0.0010	0.1548	8
Node (554, )	0.0008	0.1583	12
Node (555, )	0.0023	0.1634	10
Node (556, )	0.0149	0.1755	14
Node (557, )	0.0005	0.1661	10
Node (558, )	0.0008	0.1658	13
Node (559, )	0.0005	0.1687	9
Node (560, )	0.0056	0.1722	14
Node (561, )	0.0025	0.1851	14
Node (562, )	0.0046	0.1773	14
Node (563, )	0.0211	0.1832	10
Node (564, )	0.0016	0.1876	11
Node (565, )	0.0100	0.1997	16
Node (566, )	0.0053	0.1914	11
Node (567, )	0.0135	0.1955	8
Node (568, )	0.0003	0.1933	7
Node (569, )	0.0446	0.2135	12
Node (570, )	0.0296	0.2055	14
Node (571, )	0.0043	0.1954	10
Node (572, )	0.0072	0.1953	7
Node (573, )	0.0033	0.1786	12
Node (574, )	0.0023	0.1814	14
Node (575, )	0.0002	0.1750	11
Node (576, )	0.0081	0.1677	10
Node (577, )	0.0009	0.1678	9
Node (578, )	0.0004	0.1768	13
Node (579, )	0.0003	0.1749	14
Node (580, )	0.0011	0.1650	14
Node (581, )	0.0061	0.1767	17
Node (582, )	0.0043	0.1877	13
Node (583, )	0.0015	0.1700	13
Node (584, )	0.0005	0.1678	13
Node (585, )	0.0084	0.1836	14
Node (586, )	0.0034	0.1862	14
Node (587, )	0.0028	0.1732	13
Node (588, )	0.0032	0.1727	12
Node (589, )	0.0156	0.1912	13
Node (590, )	0.0087	0.1848	15
Node (591, )	0.0030	0.1717	10
Node (592, )	0.0012	0.1707	9
Node (593, )	0.0122	0.1876	15
Node (594, )	0.0049	0.1739	16
Node (595, )	0.0003	0.1616	10
Node (596, )	0.0007	0.1678	11
Node (597, )	0.0015	0.1683	12
Node (598, )	0.0042	0.1615	12
Node (599, )	0.0000	0.1500	8
Node (600, )	0.0015	0.1565	10
Node (601, )	0.0011	0.1563	12
Node (602, )	0.0010	0.1471	11
Node (603, )	0.0001	0.1451	7
Node (604, )	0.0000	0.1480	7
Node (605, )	0.0000	0.1390	7
Node (606, )	0.0027	0.1517	9
Node (607, )	0.0001	0.1453	9
Node (608, )	0.0204	0.1643	14
Node (609, )	0.0010	0.1633	16
Node (610, )	0.0000	0.1694	8
Node (611, )	0.0015	0.1815	14
Node (612, )	0.0368	0.1819	16
Node (613, )	0.0160	0.1713	14
Node (614, )	0.0228	0.1862	16
Node (615, )	0.0033	0.1834	14
Node (616, )	0.0028	0.1743	11
Node (617, )	0.0012	0.1740	12
Node (618, )	0.0083	0.1892	12
Node (619, )	0.0025	0.1860	10
Node (620, )	0.0010	0.1780	7
Node (621, )	0.0008	0.1758	9
Node (622, )	0.0034	0.1837	7
Node (623, )	0.0011	0.1756	9
Node (624, )	0.0046	0.1840	13
Node (625, )	0.0063	0.1954	11
Node (626, )	0.0076	0.1914	10
Node (627, )	0.0042	0.1946	12
Node (628, )	0.0132	0.2024	11
Node (629, )	0.0010	0.1888	8
Node (630, )	0.0016	0.2019	7
Node (631, )	0.0025	0.1941	9
Node (632, )	0.0116	0.2053	11
Node (633, )	0.0156	0.2015	14
Node (634, )	0.0043	0.1976	11
Node (635, )	0.0053	0.1826	9
Node (636, )	0.0000	0.1783	9
Node (637, )	0.0126	0.1887	10
Node (638, )	0.0020	0.1813	9
Node (639, )	0.0031	0.1778	10
Node (640, )	0.0025	0.1718	8
Node (641, )	0.0004	0.1745	8
Node (642, )	0.0017	0.1732	10
Node (643, )	0.0053	0.1816	9
Node (644, )	0.0000	0.1632	5
Node (645, )	0.0000	0.1656	5
Node (646, )	0.0023	0.1807	12
Node (647, )	0.0029	0.1768	9
Node (648, )	0.0001	0.1544	6
Node (649, )	0.0002	0.1506	5
Node (650, )	0.0000	0.1421	4
Node (651, )	0.0000	0.1425	4
Node (652, )	0.0015	0.1643	7
Node (653, )	0.0014	0.1652	7
Node (654, )	0.0000	0.1653	7
Node (655, )	0.0031	0.1690	8
Node (656, )	0.0016	0.1665	5
Node (657, )	0.0016	0.1447	4
Node (658, )	0.0000	0.1428	3
Node (659, )	0.0000	0.1264	2
Node (660, )	0.0000	0.1815	3
Node (661, )	0.0028	0.1847	7
Node (662, )	0.0001	0.1622	6
Node (663, )	0.0000	0.1620	4
Node (664, )	0.0000	0.1575	6
Node (665, )	0.0021	0.1796	9
Node (666, )	0.0000	0.1672	6
Node (667, )	0.0000	0.1701	7
Node (668, )	0.0075	0.1811	10
Node (669, )	0.0000	0.1762	8
Node (670, )	0.0013	0.1763	8
Node (671, )	0.0004	0.1653	6
Node (672, )	0.0001	0.1717	8
Node (673, )	0.0003	0.1716	6
Node (674, )	0.0006	0.1805	6
Node (675, )	0.0003	0.1765	7
Node (676, )	0.0000	0.1722	6
Node (677, )	0.0000	0.1703	6
Node (678, )	0.0001	0.1707	9
Node (679, )	0.0025	0.1699	5
Node (680, )	0.0000	0.1482	4
Node (681, )	0.0004	0.1525	5
Node (682, )	0.0000	0.1529	5
Node (683, )	0.0023	0.1718	6
Node (684, )	0.0012	0.1754	6
Node (685, )	0.0030	0.1934	10
Node (686, )	0.0096	0.1773	11
Node (687, )	0.0024	0.1791	8
Node (688, )	0.0274	0.1956	8
Node (689, )	0.0156	0.1805	10
Node (690, )	0.0003	0.1735	6
Node (691, )	0.0071	0.1787	8
Node (692, )	0.0008	0.1706	9
Node (693, )	0.0083	0.1822	16
Node (694, )	0.0000	0.1673	8
Node (695, )	0.0000	0.1669	9
Node (696, )	0.0129	0.1686	14
Node (697, )	0.0030	0.1769	15
Node (698, )	0.0140	0.1662	12
Node (699, )	0.0002	0.1565	9
Node (700, )	0.0041	0.1696	14
Node (701, )	0.0018	0.1597	14
Node (702, )	0.0007	0.1486	10
Node (703, )	0.0004	0.1493	7
Node (704, )	0.0008	0.1584	9
Node (705, )	0.0003	0.1426	8
Node (706, )	0.0000	0.1411	6
Node (707, )	0.0000	0.1376	6
Node (708, )	0.0006	0.1512	11
Node (709, )	0.0019	0.1557	9
Node (710, )	0.0055	0.1667	15
Node (711, )	0.0001	0.1627	11
Node (712, )	0.0044	0.1624	8
Node (713, )	0.0111	0.1747	9
Node (714, )	0.0002	0.1736	12
Node (715, )	0.0012	0.1720	12
Node (716, )	0.0059	0.1823	10
Node (717, )	0.0133	0.1946	14
Node (718, )	0.0156	0.1857	14
Node (719, )	0.0094	0.1851	13
Node (720, )	0.0033	0.1967	12
Node (721, )	0.0269	0.2051	14
Node (722, )	0.0125	0.1945	13
Node (723, )	0.0005	0.1938	9
Node (724, )	0.0109	0.2085	11
Node (725, )	0.0040	0.1977	12
Node (726, )	0.0284	0.2023	17
Node (727, )	0.0162	0.2160	12
Node (728, )	0.0083	0.2011	11
Node (729, )	0.0033	0.1950	14
Node (730, )	0.0028	0.1995	11
Node (731, )	0.0003	0.1975	10
Node (732, )	0.0144	0.2075	14
Node (733, )	0.0001	0.1844	12
Node (734, )	0.0038	0.1964	11
Node (735, )	0.0007	0.1963	11
Node (736, )	0.0027	0.1948	14
Node (737, )	0.0009	0.1880	12
Node (738, )	0.0026	0.1948	9
Node (739, )	0.0156	0.2025	9
Node (740, )	0.0002	0.1847	9
Node (741, )	0.0110	0.1883	7
Node (742, )	0.0011	0.1851	9
Node (743, )	0.0037	0.1861	9
Node (744, )	0.0202	0.1851	12
Node (745, )	0.0044	0.1876	15
Node (746, )	0.0000	0.1722	8
Node (747, )	0.0019	0.1757	10
Node (748, )	0.0253	0.1875	9
Node (749, )	0.0007	0.1790	14
Node (750, )	0.0048	0.1847	14
Node (751, )	0.0025	0.1770	11
Node (752, )	0.0016	0.1832	11
Node (753, )	0.0005	0.1849	13
Node (754, )	0.0036	0.1852	14
Node (755, )	0.0107	0.1873	12
Node (756, )	0.0240	0.1980	13
Node (757, )	0.0069	0.1982	12
Node (758, )	0.0180	0.1886	13
Node (759, )	0.0021	0.1813	9
Node (760, )	0.0000	0.1632	6
Node (761, )	0.0004	0.1653	7
Node (762, )	0.0056	0.1780	14
Node (763, )	0.0019	0.1737	12
Node (764, )	0.0000	0.1607	8
Node (765, )	0.0005	0.1639	9
Node (766, )	0.0020	0.1707	14
Node (767, )	0.0078	0.1718	13
Node (768, )	0.0000	0.1558	9
Node (769, )	0.0008	0.1640	10
Node (770, )	0.0010	0.1667	11
Node (771, )	0.0016	0.1620	11
Node (772, )	0.0032	0.1579	9
Node (773, )	0.0003	0.1545	12
Node (774, )	0.0036	0.1614	13
Node (775, )	0.0000	0.1470	8
Node (776, )	0.0035	0.1550	11
Node (777, )	0.0021	0.1571	12
Node (778, )	0.0000	0.1434	6
Node (779, )	0.0001	0.1468	7
Node (780, )	0.0003	0.1453	6
Node (781, )	0.0056	0.1528	7
Node (782, )	0.0000	0.0877	2
Node (783, )	0.0000	0.0877	3
Node (784, )	0.0016	0.0961	5
Node (785, )	0.0016	0.0959	4
Node (786, )	0.0055	0.1060	4
Node (787, )	0.0008	0.1060	5
Node (788, )	0.0070	0.1181	4
Node (789, )	0.0024	0.1181	6
Node (790, )	0.0141	0.1334	6
Node (791, )	0.0000	0.1181	4
Node (792, )	0.0000	0.1182	5
Node (793, )	0.0016	0.1335	7
Node (794, )	0.0000	0.1333	5
Node (795, )	0.0000	0.1326	4
Node (796, )	0.0000	0.1326	6
Node (797, )	0.0047	0.1525	7
Node (798, )	0.0000	0.1324	5
Node (799, )	0.0003	0.1524	6
Node (800, )	0.0000	0.1523	10
Node (801, )	0.0000	0.1505	7
Node (802, )	0.0000	0.1506	6
Node (803, )	0.0000	0.1393	6
Node (804, )	0.0000	0.1395	9
Node (805, )	0.0000	0.1393	5
Node (806, )	0.0000	0.1390	6
Node (807, )	0.0139	0.1611	13
Node (808, )	0.0205	0.1530	8
Node (809, )	0.0000	0.1399	5
Node (810, )	0.0032	0.1400	6
Node (811, )	0.0000	0.1233	4
Node (812, )	0.0000	0.1234	4
Node (813, )	0.0001	0.1302	5
Node (814, )	0.0000	0.1297	4
Node (815, )	0.0000	0.1475	4
Node (816, )	0.0031	0.1480	5
Node (817, )	0.0077	0.1727	6
Node (818, )	0.0000	0.1668	6
Node (819, )	0.0000	0.1599	4
Node (820, )	0.0034	0.1766	10
Node (821, )	0.0433	0.1900	9
Node (822, )	0.0310	0.1835	13
Node (823, )	0.0306	0.1893	16
Node (824, )	0.0002	0.1890	8
Node (825, )	0.0000	0.1890	9
Node (826, )	0.0009	0.1889	12
Node (827, )	0.0000	0.1827	10
Node (828, )	0.0000	0.1891	11
Node (829, )	0.0011	0.1705	13
Node (830, )	0.0072	0.1739	12
Node (831, )	0.0000	0.1754	11
Node (832, )	0.0012	0.1771	15
Node (833, )	0.0000	0.1671	9
Node (834, )	0.0035	0.1711	9
Node (835, )	0.0016	0.1876	11
Node (836, )	0.0429	0.1884	17
Node (837, )	0.0021	0.1709	9
Node (838, )	0.0019	0.1772	9
Node (839, )	0.0020	0.1812	9
Node (840, )	0.0000	0.1778	6
Node (841, )	0.0066	0.1910	10
Node (842, )	0.0003	0.1824	11
Node (843, )	0.0050	0.1871	12
Node (844, )	0.0626	0.1923	12
Node (845, )	0.0067	0.1876	11
Node (846, )	0.0000	0.1852	8
Node (847, )	0.0013	0.1851	12
Node (848, )	0.0015	0.1853	16
Node (849, )	0.0000	0.1819	9
Node (850, )	0.0551	0.1905	11
Node (851, )	0.0025	0.1895	13
Node (852, )	0.0011	0.1902	13
Node (853, )	0.0651	0.1988	14
Node (854, )	0.0018	0.1829	13
Node (855, )	0.0096	0.1897	12
Node (856, )	0.0012	0.1847	12
Node (857, )	0.0002	0.1792	10
Node (858, )	0.0000	0.1679	6
Node (859, )	0.0016	0.1846	10
Node (860, )	0.0005	0.1795	9
Node (861, )	0.0000	0.1728	5
Node (862, )	0.0058	0.1948	8
Node (863, )	0.0015	0.1930	14
Node (864, )	0.0232	0.2051	14
Node (865, )	0.0060	0.1947	15
Node (866, )	0.0015	0.1945	11
Node (867, )	0.0078	0.1962	7
Node (868, )	0.0000	0.1878	8
Node (869, )	0.0005	0.1883	12
Node (870, )	0.0007	0.1860	12
Node (871, )	0.0096	0.1967	10
Node (872, )	0.0083	0.2003	13
Node (873, )	0.0075	0.1971	15
Node (874, )	0.0052	0.1888	15
Node (875, )	0.0080	0.1973	15
Node (876, )	0.0036	0.2052	12
Node (877, )	0.0023	0.1960	12
Node (878, )	0.0068	0.1932	14
Node (879, )	0.0016	0.1932	10
Node (880, )	0.0190	0.2069	14
Node (881, )	0.0006	0.1907	12
Node (882, )	0.0023	0.1884	12
Node (883, )	0.0007	0.1915	9
Node (884, )	0.0019	0.1918	13
Node (885, )	0.0063	0.1898	17
Node (886, )	0.0008	0.1850	10
Node (887, )	0.0047	0.1965	12
Node (888, )	0.0003	0.1857	13
Node (889, )	0.0039	0.1862	16
Node (890, )	0.0118	0.1953	12
Node (891, )	0.0030	0.1934	15
Node (892, )	0.0013	0.1862	14
Node (893, )	0.0006	0.1817	11
Node (894, )	0.0024	0.1890	14
Node (895, )	0.0004	0.1825	8
Node (896, )	0.0563	0.1937	9
Node (897, )	0.0507	0.1947	14
Node (898, )	0.0011	0.1824	11
Node (899, )	0.0008	0.1866	12
Node (900, )	0.0001	0.1792	15
Node (901, )	0.0047	0.1868	12
Node (902, )	0.0003	0.1754	10
Node (903, )	0.0013	0.1877	9
Node (904, )	0.0004	0.1882	14
Node (905, )	0.0078	0.1941	16
Node (906, )	0.0009	0.1869	10
Node (907, )	0.0081	0.2020	14
Node (908, )	0.0006	0.1888	13
Node (909, )	0.0110	0.2002	14
Node (910, )	0.0252	0.2049	13
Node (911, )	0.0054	0.1990	12
Node (912, )	0.0032	0.1994	12
Node (913, )	0.0000	0.1865	6
Node (914, )	0.0191	0.2046	8
Node (915, )	0.0000	0.1871	6
Node (916, )	0.0000	0.1830	3
Node (917, )	0.0014	0.1883	6
Node (918, )	0.0103	0.1990	8
Node (919, )	0.0054	0.1980	10
Node (920, )	0.0004	0.1974	7
Node (921, )	0.0000	0.1865	6
Node (922, )	0.0001	0.1860	6
Node (923, )	0.0000	0.1645	4
Node (924, )	0.0000	0.1649	4
Node (925, )	0.0029	0.1966	7
Node (926, )	0.0070	0.1872	8
Node (927, )	0.0016	0.1874	7
Node (928, )	0.0009	0.1874	6
Node (929, )	0.0000	0.1586	5
Node (930, )	0.0011	0.1600	7
Node (931, )	0.0000	0.1597	5
Node (932, )	0.0000	0.1432	5
Node (933, )	0.0034	0.1659	8
Node (934, )	0.0000	0.1498	4
Node (935, )	0.0032	0.1697	6
Node (936, )	0.0007	0.1576	4
Node (937, )	0.0000	0.1577	4
Node (938, )	0.0045	0.1791	8
Node (939, )	0.0001	0.1591	5
Node (940, )	0.0000	0.1664	7
Node (941, )	0.0011	0.1703	11
Node (942, )	0.0011	0.1808	10
Node (943, )	0.0013	0.1677	8
Node (944, )	0.0001	0.1637	7
Node (945, )	0.0007	0.1827	14
Node (946, )	0.0040	0.1817	10
Node (947, )	0.0021	0.1804	9
Node (948, )	0.0000	0.1876	8
Node (949, )	0.0006	0.1879	11
Node (950, )	0.0007	0.1843	14
Node (951, )	0.0027	0.1942	12
Node (952, )	0.0533	0.1914	13
Node (953, )	0.0044	0.1918	14
Node (954, )	0.0003	0.1845	11
Node (955, )	0.1232	0.1984	18
Node (956, )	0.0212	0.1943	17
Node (957, )	0.0007	0.1852	11
Node (958, )	0.0016	0.1818	11
Node (959, )	0.0002	0.1771	11
Node (960, )	0.0104	0.1923	14
Node (961, )	0.1158	0.1975	15
Node (962, )	0.0053	0.1917	14
Node (963, )	0.0006	0.1843	11
Node (964, )	0.0000	0.1842	6
Node (965, )	0.0000	0.1666	7
Node (966, )	0.0010	0.1824	15
Node (967, )	0.0179	0.1923	13
Node (968, )	0.0000	0.1727	8
Node (969, )	0.0013	0.1841	11
Node (970, )	0.0020	0.1935	13
Node (971, )	0.0134	0.1872	15
Node (972, )	0.0000	0.1778	8
Node (973, )	0.0084	0.1973	13
Node (974, )	0.0067	0.1948	16
Node (975, )	0.0077	0.1921	11
Node (976, )	0.0040	0.1894	9
Node (977, )	0.0038	0.1986	13
Node (978, )	0.0053	0.1949	15
Node (979, )	0.0030	0.1917	11
Node (980, )	0.0003	0.1895	9
Node (981, )	0.0003	0.1893	13
Node (982, )	0.0055	0.1940	15
Node (983, )	0.0052	0.1920	11
Node (984, )	0.0003	0.1935	12
Node (985, )	0.0001	0.1928	12
Node (986, )	0.0023	0.1913	13
Node (987, )	0.0042	0.1923	12
Node (988, )	0.0433	0.2098	17
Node (989, )	0.0005	0.1965	15
Node (990, )	0.0014	0.1921	9
Node (991, )	0.0007	0.1942	11
Node (992, )	0.0000	0.1927	7
Node (993, )	0.0848	0.2108	9
Node (994, )	0.0604	0.2124	13
Node (995, )	0.0008	0.2062	10
Node (996, )	0.0911	0.2119	12
Node (997, )	0.0018	0.1924	15
Node (998, )	0.0003	0.1912	10
Node (999, )	0.0013	0.1928	11
Node (1000, )	0.0007	0.1867	9
Node (1001, )	0.0028	0.1988	13
Node (1002, )	0.0038	0.1971	15
Node (1003, )	0.0032	0.1979	11
Node (1004, )	0.0009	0.2043	10
Node (1005, )	0.0004	0.1991	12
Node (1006, )	0.0169	0.2114	15
Node (1007, )	0.0253	0.2183	14
Node (1008, )	0.0167	0.2145	11
Node (1009, )	0.0008	0.2019	9
Node (1010, )	0.0016	0.2027	7
Node (1011, )	0.0347	0.2140	11
Node (1012, )	0.0098	0.2034	10
Node (1013, )	0.0059	0.2009	13
Node (1014, )	0.0316	0.2096	13
Node (1015, )	0.0003	0.1848	8
Node (1016, )	0.0135	0.1961	15
Node (1017, )	0.0000	0.1819	6
Node (1018, )	0.0011	0.1781	4
Node (1019, )	0.0000	0.1587	2
Node (1020, )	0.0000	0.1586	3
Node (1021, )	0.0086	0.1879	11
Node (1022, )	0.0000	0.1583	5
Node (1023, )	0.0000	0.1582	4
Node (1024, )	0.0000	0.1584	5
Node (1025, )	0.0000	0.1529	5
Node (1026, )	0.0016	0.1803	8
Node (1027, )	0.0000	0.1594	6
Node (1028, )	0.0000	0.1880	7
Node (1029, )	0.0129	0.1894	11
Node (1030, )	0.0014	0.1841	10
Node (1031, )	0.0138	0.1946	11
Node (1032, )	0.0002	0.1873	6
Node (1033, )	0.0000	0.1873	8
Node (1034, )	0.0000	0.1944	10
Node (1035, )	0.0222	0.2005	12
Node (1036, )	0.0019	0.1878	12
Node (1037, )	0.0000	0.1682	8
Node (1038, )	0.0035	0.1820	12
Node (1039, )	0.0000	0.1706	11
Node (1040, )	0.0005	0.1670	8
Node (1041, )	0.0005	0.1721	12
Node (1042, )	0.0003	0.1788	10
Node (1043, )	0.0030	0.1888	14
Node (1044, )	0.0005	0.1953	10
Node (1045, )	0.0011	0.1905	13
Node (1046, )	0.0003	0.2002	9
Node (1047, )	0.0921	0.2086	15
Node (1048, )	0.0014	0.2004	14
Node (1049, )	0.0614	0.2113	12
Node (1050, )	0.0028	0.2033	12
Node (1051, )	0.0011	0.2016	11
Node (1052, )	0.0156	0.2091	18
Node (1053, )	0.0204	0.2097	10
Node (1054, )	0.0000	0.1945	6
Node (1055, )	0.0029	0.1981	8
Node (1056, )	0.0337	0.2081	10
Node (1057, )	0.0088	0.2087	13
Node (1058, )	0.0002	0.1984	9
Node (1059, )	0.0259	0.2107	7
Node (1060, )	0.0971	0.2141	13
Node (1061, )	0.0092	0.2100	14
Node (1062, )	0.0015	0.2040	10
Node (1063, )	0.0089	0.2022	8
Node (1064, )	0.0000	0.1728	8
Node (1065, )	0.0004	0.1879	13
Node (1066, )	0.0008	0.1850	14
Node (1067, )	0.0019	0.1829	14
Node (1068, )	0.0025	0.1802	17
Node (1069, )	0.0007	0.1928	13
Node (1070, )	0.0001	0.1743	12
Node (1071, )	0.0009	0.1725	13
Node (1072, )	0.0021	0.1866	14
Node (1073, )	0.0026	0.1907	14
Node (1074, )	0.0016	0.1779	13
Node (1075, )	0.0010	0.1741	12
Node (1076, )	0.0028	0.1962	13
Node (1077, )	0.0068	0.1933	15
Node (1078, )	0.0003	0.1796	10
Node (1079, )	0.0008	0.1759	10
Node (1080, )	0.0035	0.1941	16
Node (1081, )	0.0058	0.1891	18
Node (1082, )	0.0001	0.1679	10
Node (1083, )	0.0023	0.1796	12
Node (1084, )	0.0000	0.1782	12
Node (1085, )	0.0004	0.1683	12
Node (1086, )	0.0000	0.1619	10
Node (1087, )	0.0001	0.1691	10
Node (1088, )	0.0001	0.1787	13
Node (1089, )	0.0000	0.1635	11
Node (1090, )	0.0000	0.1618	6
Node (1091, )	0.0006	0.1745	7
Node (1092, )	0.0016	0.1872	7
Node (1093, )	0.0154	0.1913	9
Node (1094, )	0.0007	0.1875	9
Node (1095, )	0.0614	0.1974	15
Node (1096, )	0.0029	0.1831	16
Node (1097, )	0.0005	0.1974	8
Node (1098, )	0.0013	0.2046	14
Node (1099, )	0.1384	0.2202	16
Node (1100, )	0.0518	0.1981	14
Node (1101, )	0.0052	0.2036	16
Node (1102, )	0.0008	0.2016	14
Node (1103, )	0.0001	0.1885	10
Node (1104, )	0.0002	0.1796	12
Node (1105, )	0.0017	0.1894	12
Node (1106, )	0.0010	0.1914	10
Node (1107, )	0.0042	0.1829	8
Node (1108, )	0.0008	0.1730	9
Node (1109, )	0.0000	0.1686	6
Node (1110, )	0.0008	0.1712	9
Node (1111, )	0.0043	0.1845	14
Node (1112, )	0.0000	0.1877	10
Node (1113, )	0.0000	0.1814	8
Node (1114, )	0.0059	0.1962	12
Node (1115, )	0.0060	0.2146	11
Node (1116, )	0.0002	0.1880	8
Node (1117, )	0.0007	0.2035	6
Node (1118, )	0.0012	0.2140	8
Node (1119, )	0.1254	0.2302	11
Node (1120, )	0.0041	0.2264	14
Node (1121, )	0.0156	0.2269	11
Node (1122, )	0.0812	0.2223	9
Node (1123, )	0.0000	0.2098	9
Node (1124, )	0.0000	0.2095	9
Node (1125, )	0.0091	0.2102	9
Node (1126, )	0.0064	0.2080	10
Node (1127, )	0.0000	0.2080	7
Node (1128, )	0.0008	0.2132	7
Node (1129, )	0.0913	0.2155	9
Node (1130, )	0.0259	0.2052	9
Node (1131, )	0.0002	0.1877	7
Node (1132, )	0.0006	0.2006	6
Node (1133, )	0.0944	0.2118	12
Node (1134, )	0.0040	0.2039	13
Node (1135, )	0.0020	0.2025	7
Node (1136, )	0.0000	0.1702	5
Node (1137, )	0.0000	0.1758	7
Node (1138, )	0.0000	0.1707	7
Node (1139, )	0.0002	0.1724	7
Node (1140, )	0.0058	0.1822	6
Node (1141, )	0.0029	0.1609	6
Node (1142, )	0.0062	0.1610	9
Node (1143, )	0.0000	0.1544	6
Node (1144, )	0.0015	0.1546	6
Node (1145, )	0.0072	0.1554	6
Node (1146, )	0.0000	0.1489	4
Node (1147, )	0.0000	0.1057	2
Node (1148, )	0.0000	0.1062	3
Node (1149, )	0.0016	0.1181	5
Node (1150, )	0.0047	0.1184	5
Node (1151, )	0.0000	0.1060	4
Node (1152, )	0.0000	0.1060	6
Node (1153, )	0.0000	0.0963	4
Node (1154, )	0.0000	0.1059	5
Node (1155, )	0.0016	0.1060	4
Node (1156, )	0.0000	0.1061	4
Node (1157, )	0.0063	0.1182	6
Node (1158, )	0.0000	0.1182	5
Node (1159, )	0.0172	0.1338	7
Node (1160, )	0.0016	0.1334	4
Node (1161, )	0.0000	0.1534	5
Node (1162, )	0.0219	0.1536	5
Node (1163, )	0.0306	0.1798	8
Node (1164, )	0.0002	0.1771	6
Node (1165, )	0.0003	0.1773	7
Node (1166, )	0.0005	0.1852	7
Node (1167, )	0.0000	0.1630	6
Node (1168, )	0.0000	0.1627	6
Node (1169, )	0.0000	0.1637	8
Node (1170, )	0.0005	0.1828	11
Node (1171, )	0.0149	0.1903	10
Node (1172, )	0.0232	0.1917	11
Node (1173, )	0.0157	0.1808	10
Node (1174, )	0.0059	0.1956	10
Node (1175, )	0.0509	0.2044	7
Node (1176, )	0.0142	0.2042	10
Node (1177, )	0.0000	0.2028	6
Node (1178, )	0.0144	0.2047	9
Node (1179, )	0.0000	0.2043	9
Node (1180, )	0.0006	0.1907	16
Node (1181, )	0.0000	0.1870	8
Node (1182, )	0.0470	0.2066	9
Node (1183, )	0.0094	0.2064	14
Node (1184, )	0.0012	0.1945	15
Node (1185, )	0.0476	0.1988	11
Node (1186, )	0.0000	0.1838	9
Node (1187, )	0.0073	0.1915	14
Node (1188, )	0.0013	0.1744	14
Node (1189, )	0.0006	0.1682	10
Node (1190, )	0.0002	0.1629	8
Node (1191, )	0.0001	0.1726	9
Node (1192, )	0.0001	0.1614	12
Node (1193, )	0.0000	0.1505	7
Node (1194, )	0.0000	0.1626	7
Node (1195, )	0.0000	0.1672	13
Node (1196, )	0.0014	0.1902	9
Node (1197, )	0.0023	0.1926	15
Node (1198, )	0.0030	0.1925	11
Node (1199, )	0.0019	0.1878	8
Node (1200, )	0.0045	0.2029	9
Node (1201, )	0.0000	0.1915	12
Node (1202, )	0.0007	0.1904	12
Node (1203, )	0.0014	0.2038	10
Node (1204, )	0.0032	0.2153	14
Node (1205, )	0.0020	0.1983	14
Node (1206, )	0.0146	0.1998	13
Node (1207, )	0.0175	0.2146	13
Node (1208, )	0.0100	0.2174	14
Node (1209, )	0.0025	0.1992	13
Node (1210, )	0.0004	0.1999	10
Node (1211, )	0.0164	0.2180	11
Node (1212, )	0.0045	0.2049	12
Node (1213, )	0.0069	0.2092	17
Node (1214, )	0.0129	0.2173	11
Node (1215, )	0.0843	0.2246	11
Node (1216, )	0.0054	0.2111	15
Node (1217, )	0.0116	0.2139	12
Node (1218, )	0.0004	0.2135	10
Node (1219, )	0.0688	0.2249	14
Node (1220, )	0.0006	0.2027	12
Node (1221, )	0.0137	0.2105	13
Node (1222, )	0.0072	0.2150	11
Node (1223, )	0.0019	0.2066	14
Node (1224, )	0.0002	0.2014	12
Node (1225, )	0.0032	0.2017	10
Node (1226, )	0.0080	0.2068	9
Node (1227, )	0.0002	0.1967	9
Node (1228, )	0.0083	0.2031	7
Node (1229, )	0.0814	0.2092	11
Node (1230, )	0.0003	0.2032	9
Node (1231, )	0.0012	0.2077	12
Node (1232, )	0.0117	0.2058	17
Node (1233, )	0.0004	0.1912	9
Node (1234, )	0.0006	0.1848	11
Node (1235, )	0.0038	0.1957	9
Node (1236, )	0.0010	0.1941	14
Node (1237, )	0.0051	0.2045	15
Node (1238, )	0.0019	0.1839	11
Node (1239, )	0.0007	0.1927	12
Node (1240, )	0.0034	0.2013	13
Node (1241, )	0.0045	0.1957	14
Node (1242, )	0.0036	0.1908	10
Node (1243, )	0.0074	0.2070	13
Node (1244, )	0.0085	0.2112	12
Node (1245, )	0.0049	0.1920	13
Node (1246, )	0.0011	0.1794	9
Node (1247, )	0.0000	0.1632	6
Node (1248, )	0.0001	0.1609	7
Node (1249, )	0.0031	0.1782	14
Node (1250, )	0.0010	0.1719	12
Node (1251, )	0.0000	0.1591	8
Node (1252, )	0.0001	0.1606	9
Node (1253, )	0.0007	0.1710	14
Node (1254, )	0.0033	0.1753	13
Node (1255, )	0.0001	0.1555	9
Node (1256, )	0.0001	0.1636	10
Node (1257, )	0.0001	0.1660	11
Node (1258, )	0.0001	0.1628	11
Node (1259, )	0.0010	0.1642	10
Node (1260, )	0.0003	0.1633	12
Node (1261, )	0.0006	0.1680	12
Node (1262, )	0.0002	0.1588	8
Node (1263, )	0.0001	0.1651	11
Node (1264, )	0.0102	0.1854	13
Node (1265, )	0.0000	0.1574	6
Node (1266, )	0.0000	0.1575	6
Node (1267, )	0.0000	0.1646	6
Node (1268, )	0.0000	0.1579	3
